163.01